{"st":"BERTRAM_3P5_X_11P5_WALL","transform":{"val":[-0.58778644,0,-0.80901885,0,0,1,0,0,0.80901885,0,-0.58778644,0,56.199966,8.999995,90.399994,1],"tmp":[0,0,0,0,0,0,0,0,0,0,0,0,0,0,0,0]}}
{"st":"BERTRAM_3P5_X_11P5_WALL","transform":{"val":[0.80901796,0,0.5877859,0,0,1,0,0,-0.5877859,0,0.80901796,0,90.900116,2.1000528,56.599785,1],"tmp":[0,0,0,0,0,0,0,0,0,0,0,0,0,0,0,0]}}
{"st":"BERTRAM_3P5_X_11P5_WALL","transform":{"val":[0.55919397,0,0.82903874,0,0,1,0,0,-0.82903874,0,0.55919397,0,68.7,1.9999993,96.70038,1],"tmp":[0.9998477,0,0.017452406,0,0,1,0,0,-0.017452406,0,0.9998477,0,0,0,0,1]}}
{"st":"BERTRAM_3P5_X_11P5_WALL","transform":{"val":[0.95105857,0,0.3090176,0,0,1,0,0,-0.3090176,0,0.95105857,0,99.80017,2.1000528,39.59974,1],"tmp":[0.9998477,0,0.017452406,0,0,1,0,0,-0.017452406,0,0.9998477,0,0,0,0,1]}}
{"st":"BERTRAM_3P5_X_11P5_WALL","transform":{"val":[0.8290395,0,-0.55919427,0,0,1,0,0,0.55919427,0,0.8290395,0,59.60016,23.000082,101.79999,1],"tmp":[0,0,0,0,0,0,0,0,0,0,0,0,0,0,0,0]}}
{"st":"LUXORA_3P8_X_8P6_WALL","transform":{"val":[-0.88295186,0,-0.46947348,0,0,1,0,0,0.46947348,0,-0.88295186,0,95.599915,2.000053,48.29988,1],"tmp":[0.9998477,0,0.017452406,0,0,1,0,0,-0.017452406,0,0.9998477,0,0,0,0,1]}}
{"st":"BERTRAM_3P5_X_11P5_WALL","transform":{"val":[-0.55919385,0,-0.8290392,0,0,1,0,0,0.8290392,0,-0.55919385,0,62.8998,5.500002,100.099976,1],"tmp":[0.9998477,0,0.017452406,0,0,1,0,0,-0.017452406,0,0.9998477,0,0,0,0,1]}}
{"st":"BERTRAM_3P5_X_11P5_WALL","transform":{"val":[0.80901796,0,0.5877859,0,0,1,0,0,-0.5877859,0,0.80901796,0,84.10019,2.1000528,66.09982,1],"tmp":[0,0,0,0,0,0,0,0,0,0,0,0,0,0,0,0]}}
{"st":"BERTRAM_3P5_X_11P5_WALL","transform":{"val":[0.80901873,0,-0.5877863,0,0,1,0,0,0.5877863,0,0.80901873,0,56.100025,5.499983,93.499725,1],"tmp":[0.9998477,0,-0.017452406,0,0,1,0,0,0.017452406,0,0.9998477,0,0,0,0,1]}}
{"st":"BERTRAM_3P5_X_11P5_WALL","transform":{"val":[1.0000035,0,-6.7055225E-8,0,0,1,0,0,6.7055225E-8,0,1.0000035,0,106.30008,2.1000528,9.69973,1],"tmp":[0.9998477,0,0.017452406,0,0,1,0,0,-0.017452406,0,0.9998477,0,0,0,0,1]}}
{"st":"BERTRAM_3P5_X_11P5_WALL","transform":{"val":[-0.55919385,0,-0.8290392,0,0,1,0,0,0.8290392,0,-0.55919385,0,62.8998,19.60003,100.099976,1],"tmp":[0,0,0,0,0,0,0,0,0,0,0,0,0,0,0,0]}}
{"st":"BERTRAM_3P5_X_11P5_WALL","transform":{"val":[-0.55919385,0,-0.8290392,0,0,1,0,0,0.8290392,0,-0.55919385,0,62.49954,5.500002,85.99985,1],"tmp":[0,0,0,0,0,0,0,0,0,0,0,0,0,0,0,0]}}
{"st":"BERTRAM_3P5_X_11P5_WALL","transform":{"val":[0.95105857,0,0.3090176,0,0,1,0,0,-0.3090176,0,0.95105857,0,103.40015,2.1000528,28.499725,1],"tmp":[0,0,0,0,0,0,0,0,0,0,0,0,0,0,0,0]}}
{"st":"BERTRAM_3P5_X_11P5_WALL","transform":{"val":[0.55919397,0,0.82903874,0,0,1,0,0,-0.82903874,0,0.55919397,0,68.7,8.999995,96.70038,1],"tmp":[0,0,0,0,0,0,0,0,0,0,0,0,0,0,0,0]}}
{"st":"LUXORA_3P8_X_8P6_WALL","transform":{"val":[-0.9902735,0,-0.1391735,0,0,1,0,0,0.1391735,0,-0.9902735,0,105.400024,2.000053,19.299896,1],"tmp":[0.9998477,0,-0.017452406,0,0,1,0,0,0.017452406,0,0.9998477,0,0,0,0,1]}}
{"st":"BERTRAM_3P5_X_11P5_WALL","transform":{"val":[0.8290395,0,-0.55919427,0,0,1,0,0,0.55919427,0,0.8290395,0,65.60036,23.000021,83.699615,1],"tmp":[0,0,0,0,0,0,0,0,0,0,0,0,0,0,0,0]}}
{"st":"BERTRAM_3P5_X_11P5_WALL","transform":{"val":[0.8290395,0,-0.55919427,0,0,1,0,0,0.55919427,0,0.8290395,0,72.00026,23.000021,93.39972,1],"tmp":[0,0,0,0,0,0,0,0,0,0,0,0,0,0,0,0]}}
{"st":"BERTRAM_3P5_X_11P5_WALL","transform":{"val":[0.55919397,0,0.82903874,0,0,1,0,0,-0.82903874,0,0.55919397,0,68.7,16.00003,96.70038,1],"tmp":[0,0,0,0,0,0,0,0,0,0,0,0,0,0,0,0]}}
{"st":"BERTRAM_3P5_X_11P5_WALL","transform":{"val":[1.0000035,0,-6.7055225E-8,0,0,1,0,0,6.7055225E-8,0,1.0000035,0,106.30008,2.1000528,-1.9002705,1],"tmp":[0,0,0,0,0,0,0,0,0,0,0,0,0,0,0,0]}}
{"st":"BERTRAM_3P5_X_11P5_WALL","transform":{"val":[-0.55919385,0,-0.8290392,0,0,1,0,0,0.8290392,0,-0.55919385,0,62.49954,12.499998,85.99985,1],"tmp":[0,0,0,0,0,0,0,0,0,0,0,0,0,0,0,0]}}
{"st":"BERTRAM_3P5_X_11P5_WALL","transform":{"val":[0.8290395,0,-0.55919427,0,0,1,0,0,0.55919427,0,0.8290395,0,65.800125,23.000021,97.599976,1],"tmp":[0,0,0,0,0,0,0,0,0,0,0,0,0,0,0,0]}}
{"st":"BERTRAM_3P5_X_11P5_WALL","transform":{"val":[0.82903993,0,-0.55919445,0,0,1,0,0,0.55919445,0,0.82903993,0,65.50017,1.9999993,86.90051,1],"tmp":[0.9998477,0,0.017452406,0,0,1,0,0,-0.017452406,0,0.9998477,0,0,0,0,1]}}
{"st":"BERTRAM_3P5_X_11P5_WALL","transform":{"val":[0.8290395,0,-0.55919427,0,0,1,0,0,0.55919427,0,0.8290395,0,59.299973,23.000021,87.99988,1],"tmp":[0,0,0,0,0,0,0,0,0,0,0,0,0,0,0,0]}}
{"st":"BERTRAM_3P5_X_11P5_WALL","transform":{"val":[0.80901873,0,-0.5877863,0,0,1,0,0,0.5877863,0,0.80901873,0,56.100025,12.499979,93.499725,1],"tmp":[0,0,0,0,0,0,0,0,0,0,0,0,0,0,0,0]}}
{"st":"BERTRAM_3P5_X_11P5_WALL","transform":{"val":[0.8290389,0,-0.55919385,0,0,1,0,0,0.55919385,0,0.8290389,0,60.300022,16.100008,99.99988,1],"tmp":[0,0,0,0,0,0,0,0,0,0,0,0,0,0,0,0]}}
{"st":"BERTRAM_3P5_X_11P5_WALL","transform":{"val":[0.8290395,0,-0.55919427,0,0,1,0,0,0.55919427,0,0.8290395,0,70.00014,5.499983,93.39972,1],"tmp":[0.9998477,0,-0.017452406,0,0,1,0,0,0.017452406,0,0.9998477,0,0,0,0,1]}}
{"st":"LUXORA_3P8_X_8P6_WALL","transform":{"val":[-0.69466126,0,-0.7193425,0,0,1,0,0,0.7193425,0,-0.69466126,0,70.900116,2.000053,82.49985,1],"tmp":[0.9998477,0,0.017452406,0,0,1,0,0,-0.017452406,0,0.9998477,0,0,0,0,1]}}
{"st":"BERTRAM_3P5_X_11P5_WALL","transform":{"val":[0.8290389,0,-0.55919385,0,0,1,0,0,0.55919385,0,0.8290389,0,60.300022,1.9999964,99.99988,1],"tmp":[0.9998477,0,0.017452406,0,0,1,0,0,-0.017452406,0,0.9998477,0,0,0,0,1]}}
{"st":"BERTRAM_3P5_X_11P5_WALL","transform":{"val":[0.8290395,0,-0.55919427,0,0,1,0,0,0.55919427,0,0.8290395,0,70.00014,12.499979,93.39972,1],"tmp":[0,0,0,0,0,0,0,0,0,0,0,0,0,0,0,0]}}
{"st":"BERTRAM_3P5_X_11P5_WALL","transform":{"val":[0.8290389,0,-0.55919385,0,0,1,0,0,0.55919385,0,0.8290389,0,60.300022,9.099993,99.99988,1],"tmp":[0,0,0,0,0,0,0,0,0,0,0,0,0,0,0,0]}}
{"st":"BERTRAM_3P5_X_11P5_WALL","transform":{"val":[0.82903993,0,-0.55919445,0,0,1,0,0,0.55919445,0,0.82903993,0,65.50017,8.999995,86.90051,1],"tmp":[0,0,0,0,0,0,0,0,0,0,0,0,0,0,0,0]}}
{"st":"BERTRAM_3P5_X_11P5_WALL","transform":{"val":[-0.55919385,0,-0.8290392,0,0,1,0,0,0.8290392,0,-0.55919385,0,62.8998,12.599998,100.099976,1],"tmp":[0,0,0,0,0,0,0,0,0,0,0,0,0,0,0,0]}}
{"st":"BERTRAM_3P5_X_11P5_WALL","transform":{"val":[0.82903993,0,-0.55919445,0,0,1,0,0,0.55919445,0,0.82903993,0,65.50017,16.000011,86.90051,1],"tmp":[0,0,0,0,0,0,0,0,0,0,0,0,0,0,0,0]}}
{"st":"BERTRAM_3P5_X_11P5_WALL","transform":{"val":[-0.55919385,0,-0.8290392,0,0,1,0,0,0.8290392,0,-0.55919385,0,62.49954,19.500032,85.99985,1],"tmp":[0,0,0,0,0,0,0,0,0,0,0,0,0,0,0,0]}}
{"st":"BERTRAM_3P5_X_11P5_WALL","transform":{"val":[0.80901796,0,0.5877859,0,0,1,0,0,-0.5877859,0,0.80901796,0,77.30026,2.1000528,75.49991,1],"tmp":[0.9998477,0,-0.017452406,0,0,1,0,0,0.017452406,0,0.9998477,0,0,0,0,1]}}
{"st":"BERTRAM_3P5_X_11P5_WALL","transform":{"val":[0.8290395,0,-0.55919427,0,0,1,0,0,0.55919427,0,0.8290395,0,53.200134,23.000082,92.19989,1],"tmp":[0,0,0,0,0,0,0,0,0,0,0,0,0,0,0,0]}}
{"st":"BERTRAM_3P5_X_11P5_WALL","transform":{"val":[0.8290395,0,-0.55919427,0,0,1,0,0,0.55919427,0,0.8290395,0,70.00014,19.500013,93.39972,1],"tmp":[0,0,0,0,0,0,0,0,0,0,0,0,0,0,0,0]}}
{"st":"BERTRAM_3P5_X_11P5_WALL","transform":{"val":[-0.58778644,0,-0.80901885,0,0,1,0,0,0.80901885,0,-0.58778644,0,56.199966,1.9999993,90.399994,1],"tmp":[0.9998477,0,-0.017452406,0,0,1,0,0,0.017452406,0,0.9998477,0,0,0,0,1]}}
{"st":"BERTRAM_3P5_X_11P5_WALL","transform":{"val":[-0.58778644,0,-0.80901885,0,0,1,0,0,0.80901885,0,-0.58778644,0,56.199966,16.000011,90.399994,1],"tmp":[0,0,0,0,0,0,0,0,0,0,0,0,0,0,0,0]}}
{"st":"BERTRAM_3P5_X_11P5_WALL","transform":{"val":[0.80901873,0,-0.5877863,0,0,1,0,0,0.5877863,0,0.80901873,0,56.100025,19.500013,93.499725,1],"tmp":[0,0,0,0,0,0,0,0,0,0,0,0,0,0,0,0]}}
